Generacion 0
0 1 1 0 0 0 1 0 1 1 1 1 1 0 
1 0 1 0 1 0 1 0 0 1 1 0 1 0 
0 0 0 0 0 1 1 0 1 1 0 0 0 0 
0 1 0 1 1 0 0 0 0 1 1 1 1 1 
0 0 0 0 1 0 0 1 1 1 0 0 0 0 
0 1 1 1 0 0 0 1 0 1 1 1 1 1 
1 0 1 1 1 1 1 1 0 0 1 0 0 1 
1 0 0 0 0 1 1 1 1 1 1 0 0 1 
1 0 1 1 0 0 0 0 1 1 1 1 1 1 

Generacion 1
0 1 1 1 0 1 0 1 1 0 0 0 1 0 
0 0 1 1 0 0 1 0 0 0 0 0 1 0 
0 1 1 0 0 0 1 1 1 0 0 0 0 1 
0 0 0 1 1 0 1 0 0 0 0 1 1 0 
0 1 0 0 1 0 0 1 0 0 0 0 0 0 
0 1 0 0 0 0 0 0 0 0 0 1 1 1 
1 0 0 0 0 0 0 0 0 0 0 0 0 1 
1 0 0 0 0 0 0 0 0 0 0 0 0 1 
0 1 0 0 0 0 1 0 0 0 0 1 1 1 

Generacion 2
0 1 0 1 1 0 1 1 0 0 0 0 0 0 
0 0 0 0 1 1 0 0 0 0 0 0 1 1 
0 1 0 0 1 0 1 0 0 0 0 1 0 1 
0 1 0 1 1 0 1 0 1 0 0 0 1 0 
0 0 1 1 1 1 0 0 0 0 0 0 0 1 
1 1 0 0 0 0 0 0 0 0 0 0 1 1 
1 1 0 0 0 0 0 0 0 0 0 0 0 1 
1 1 0 0 0 0 0 0 0 0 0 0 0 1 
0 0 0 0 0 0 0 0 0 0 0 0 1 1 

Generacion 3
0 0 0 1 1 0 1 0 0 0 0 0 0 0 
0 0 1 0 0 0 0 1 0 0 0 0 1 1 
0 0 1 0 0 0 1 1 0 0 0 1 0 1 
0 1 0 0 0 0 1 1 0 0 0 0 1 1 
1 0 0 0 0 1 0 0 0 0 0 0 0 1 
1 0 0 1 1 0 0 0 0 0 0 0 1 1 
0 0 1 0 0 0 0 0 0 0 0 0 0 1 
1 1 0 0 0 0 0 0 0 0 0 0 0 1 
0 0 0 0 0 0 0 0 0 0 0 0 1 1 

Generacion 4
0 0 0 1 0 0 0 0 0 0 0 0 0 0 
0 0 1 0 0 1 0 1 0 0 0 0 1 1 
0 1 1 0 0 0 0 0 1 0 0 1 0 0 
0 1 0 0 0 1 0 1 0 0 0 0 0 1 
1 1 0 0 1 1 1 0 0 0 0 0 0 0 
0 1 0 1 1 0 0 0 0 0 0 0 1 1 
1 0 1 1 0 0 0 0 0 0 0 0 0 1 
0 1 0 0 0 0 0 0 0 0 0 0 0 1 
0 0 0 0 0 0 0 0 0 0 0 0 1 1 

Generacion 5
0 0 0 0 0 0 0 0 0 0 0 0 0 0 
0 1 1 1 0 0 0 0 0 0 0 0 1 0 
0 1 1 0 0 0 0 1 1 0 0 0 0 1 
0 0 0 0 1 1 0 1 0 0 0 0 0 0 
1 1 0 1 0 0 1 0 0 0 0 0 1 1 
0 0 0 0 0 0 0 0 0 0 0 0 1 1 
1 0 0 1 1 0 0 0 0 0 0 0 0 1 
0 1 1 0 0 0 0 0 0 0 0 0 0 1 
0 0 0 0 0 0 0 0 0 0 0 0 1 1 

Generacion 6
0 0 1 0 0 0 0 0 0 0 0 0 0 0 
0 1 0 1 0 0 0 0 0 0 0 0 0 0 
0 1 0 0 1 0 1 1 1 0 0 0 0 0 
1 0 0 1 1 1 0 1 1 0 0 0 1 1 
0 0 0 0 1 1 1 0 0 0 0 0 1 1 
1 1 1 1 1 0 0 0 0 0 0 0 0 0 
0 1 1 1 0 0 0 0 0 0 0 0 0 1 
0 1 1 1 0 0 0 0 0 0 0 0 0 1 
0 0 0 0 0 0 0 0 0 0 0 0 1 1 

