Generacion 0
0 1 1 0 0 0 1 
1 0 1 0 0 0 1 
0 0 0 0 0 0 1 
0 1 0 0 0 0 0 
0 0 0 0 1 1 1 
0 1 1 1 0 1 0 

Generacion 1
1 0 0 0 0 1 1 
0 0 1 0 0 1 1 
0 1 0 0 0 0 0 
0 0 0 0 0 0 1 
0 1 0 1 1 1 1 
0 1 0 1 0 0 0 

Generacion 2
0 1 1 0 1 1 1 
0 1 0 0 0 1 1 
0 0 0 0 0 1 1 
0 0 1 0 1 0 1 
0 0 0 1 1 0 1 
0 1 0 1 0 0 1 

Generacion 3
1 1 0 1 1 0 1 
0 1 1 0 0 0 0 
0 0 0 0 1 0 0 
0 0 0 0 1 0 1 
0 0 0 0 1 0 1 
0 1 0 0 0 0 1 

Generacion 4
1 0 0 1 0 1 0 
1 1 1 0 0 0 0 
0 0 0 0 0 1 0 
0 0 0 1 1 0 0 
0 0 0 1 0 0 0 
0 1 0 0 0 0 0 

Generacion 5
1 0 1 1 0 0 0 
1 1 1 1 1 0 1 
0 1 1 1 0 0 0 
0 0 1 0 1 1 0 
0 0 1 1 0 0 0 
0 1 0 0 1 0 0 

Generacion 6
1 0 0 0 0 1 0 
1 0 0 0 1 1 0 
1 0 0 0 0 1 1 
0 0 0 0 1 1 0 
0 0 1 0 0 1 0 
0 0 0 0 1 0 0 

