Generacion 0
0 1 1 0 1 0 0 
1 0 1 0 0 0 1 
0 0 0 0 0 0 1 
0 0 0 0 0 0 0 
0 0 0 0 0 1 1 
0 1 1 1 0 1 0 

Generacion 1
1 1 1 1 0 0 0 
1 0 1 1 0 1 1 
1 0 0 0 0 0 1 
0 0 0 0 0 1 1 
0 0 1 0 1 1 1 
0 0 1 0 1 1 1 

Generacion 2
1 1 0 1 1 0 0 
0 0 0 1 1 1 0 
0 1 0 0 1 0 0 
0 0 0 0 1 0 0 
1 0 0 0 0 0 0 
0 0 0 0 1 0 1 

Generacion 3
0 0 0 1 0 1 0 
1 1 1 0 0 1 1 
0 0 0 0 0 0 0 
0 0 0 0 0 0 0 
0 0 0 0 0 1 0 
0 0 0 0 0 0 0 

Generacion 4
1 0 0 0 1 1 1 
1 1 1 0 1 1 1 
1 1 0 0 0 1 1 
0 0 0 0 0 0 0 
0 0 0 0 0 0 0 
0 0 0 0 0 0 0 

Generacion 5
0 1 0 0 1 0 0 
0 0 0 1 0 0 0 
0 0 1 0 1 0 0 
1 0 0 0 0 0 1 
0 0 0 0 0 0 0 
0 0 0 0 0 0 0 

Generacion 6
0 0 0 0 0 0 0 
0 0 1 1 1 0 0 
0 0 0 1 0 0 0 
0 0 0 0 0 0 0 
0 0 0 0 0 0 0 
0 0 0 0 0 0 0 

